15.7535692
15.6844061
16.0740884
14.7460257
16.5120451
15.1137995
15.0551110
14.3814257
13.7133369
14.0539118
12.6225730
13.5139370
12.7681180
11.6969099
10.9121184
9.9919152
9.5736601
8.6120846
6.7202233
6.4775886
6.8925804
7.6825388
8.0876604
8.1833496
8.2544208
8.4643810
8.2936433
8.4617930
7.9998077
8.0706058
6.8377035
7.7606812
6.3862378
4.6567243
4.9733864
3.7847939
2.1923354
1.5959401
1.2470652
0.1678912
0.1553892
-1.7514411
-2.0786824
-3.6830281
-2.8007300
-5.0697471
-6.4092560
-6.8586508
-6.7119059
-7.7817795
-8.5846292
-8.9769965
-8.9477072
-11.2191804
-12.3666681
-10.8044729
-11.3740884
-11.5939794
-13.5858119
-14.0784478
-13.7359585
-15.5961491
-15.8394676
-15.2469317
-16.6189817
-15.5940096
-15.1293330
-15.6332467
-15.8955425
-15.6190042
-14.4366439
-14.8586335
-14.8366972
-13.7522097
-12.7659938
-12.4836285
-12.5533018
-12.2632885
-11.1637210
-11.2696610
-11.3126027
-9.9786931
-8.8358103
-9.5477733
-7.2952450
-7.9105938
-9.9797356
-9.6847761
-9.3669703
-9.1177702
-9.0593621
-9.1305370
-7.9341265
-9.1781708
-8.6569364
-9.0386391
-6.0430535
-5.9906206
-5.9185310
-4.4780318
-3.9508834
-3.3857599
-2.3508845
-1.9510014
-1.5277002
-0.6865884
1.3360225
2.2641409
1.4751885
3.8073306
2.3668205
4.9189688
5.7604101
5.3181455
6.3250090
7.2519489
8.8885887
8.8710186
10.7387786
9.9460447
10.9243799
11.8146227
12.6817227
12.4074418
14.6982010
12.7193643
14.5693407
14.1400878