27.0431449
25.2921499
23.3465999
21.5956049
19.6500549
17.7045049
15.1752900
13.6188500
11.6733000
10.3114150
9.5331950
8.5604200
8.3658650
8.3658650
7.7822000
7.3930900
7.0039800
6.6148700
5.8366500
4.8638750
3.8911000
2.3346600
1.1673300
-0.1945550
-1.3618850
-3.1128800
-4.0856550
-5.4475400
-6.4203150
-7.3930900
-8.7549750
-9.7277500
-10.8950800
-11.6733000
-12.6460750
-13.4242950
-14.0079600
-14.5916250
-15.5644000
-15.7589550
-17.1208399
-17.8990599
-18.6772799
-19.6500549
-20.2337199
-21.0119399
-21.5956049
-22.1792699
-22.5683799
-22.7629349
-23.5411549
-24.1248199
-24.3193749
-24.7084849
-25.2921499
-26.4594799
-27.2376999
-28.2104749
-28.5995849
-29.3778049
-30.1560249
-29.9614699
-28.9886949
-28.4050299
-27.4322549
-25.8758149
-24.3193749
-22.1792699
-20.2337199
-18.2881699
-16.5371749
-14.5916250
-12.4515200
-11.6733000
-10.5059700
-9.9223050
-9.5331950
-9.1440850
-8.9495300
-8.9495300
-8.5604200
-7.3930900
-6.6148700
-5.8366500
-4.6693200
-3.1128800
-2.1401050
-0.5836650
0.7782200
2.3346600
3.6965450
5.0584300
5.8366500
7.1985350
8.3658650
9.5331950
10.7005250
11.6733000
12.6460750
13.2297400
14.2025150
14.5916250
15.1752900
16.3426199
16.9262849
18.0936149
18.8718349
19.6500549
20.2337199
21.0119399
21.9847149
22.1792699
22.7629349
23.3465999
23.7357099
23.9302649
24.7084849
25.0975949
25.4867049
26.4594799
27.2376999
27.8213649
28.7941399
29.5723599
29.5723599
29.7669149
29.3778049
28.0159199