-20.9699486
-22.6585730
-20.5452546
-17.6491530
-13.1721329
-11.1711454
-10.8232729
-8.5166044
-8.3741538
-5.5396434
-3.6073280
-4.9805005
-2.2361418
-2.8182774
0.3585071
-3.4256596
-1.0111288
-4.7338274
-1.7046227
-2.9496261
1.0580369
-0.0753893
2.8577532
3.0508228
6.4017550
6.1140129
9.4027694
10.2013784
7.7802428
12.1172673
9.5723901
12.9425384
14.9044816
13.9890631
18.0006951
15.6685585
14.5088517
16.4734679
15.4503055
18.5803773
17.4147679
19.5514727
22.4498458
18.9004281
17.4954637
22.3429008
21.6775754
23.8747961
22.1664506
23.8731871
21.9137585
23.3815803
22.7332845
24.9824852
24.8562347
24.5962330
25.0212438
26.7310857
26.9740808
27.4645964
25.5299263
28.4014947
26.6625187
24.2226439
22.1971161
21.1171304
17.8155573
15.8963451
14.7628195
12.4004061
12.8207235
5.8941807
5.9014074
7.0913001
3.1110414
4.5458799
3.2570356
3.8605986
4.9090144
2.2835814
1.7336577
3.0131369
0.5193724
-0.5240243
0.4188148
-2.0394232
-3.5363226
-5.8738405
-4.9214051
-8.3959182
-10.6134430
-9.6928389
-9.3675302
-11.6033872
-14.7508567
-11.3506919
-15.5603756
-14.7393622
-14.1357714
-15.1715709
-15.1581866
-15.4954324
-16.8510108
-17.1926995
-18.3795205
-20.0158845
-19.5964023
-18.3165967
-20.2847789
-20.5981884
-25.9008021
-21.1868343
-24.6808249
-21.0643143
-22.1781801
-21.2157857
-24.2403834
-24.3873949
-26.2306946
-24.0530478
-25.7824831
-26.6734258
-26.3585477
-29.4619174
-28.2173991
-25.9199898
-26.1400601
-25.0171620